﻿"ЗАО «МТБанк»"
"улица Толстого, 10, 220007, г.Минск."
"http://www.mtbank.by"
"тел.: +375 17 229-98-89"
"Выписка по счету  3014902577546"
"Клиент:","Цедрик Александр Сергеевич","30.03.2017 г. 23:15:27"
"Название:","PayOkay"
"Номер счета:","3014902577546"
"Номер и дата договора:","39267937 от 21.01.2017"
"Период выписки:","с 23.03.2017 г. по 30.03.2017 г."
"Входящий остаток:","779.22","BYN"
"поступило:","850.00","BYN"
"списано:","1,069.89","BYN"
"Исходящий остаток:","166.70","BYN"
Транзакции по счету с 23.03.2017 г. по 30.03.2017 г.
"Тип","Дата операции","Дата обработки","Место операции","Oписание операции","Карта","Валюта","Сумма в валюте операции","Сумма в валюте счета","Остаток счета"
"A","30.03.2017 17:47:56","..","GIPPO TRADE CENTRE / MINSK / BY","Оплата товаров и услуг","535104******9291","BYN","-42.60","-42.60",""
"A","30.03.2017 17:32:05","..","DJON DORI / MINSK / BY","Оплата товаров и услуг","535104******9291","BYN","-98.92","-98.92",""
"A","30.03.2017 17:09:28","..","SHOP "MILYA" / MINSK / BY","Оплата товаров и услуг","535104******9291","BYN","-9.29","-9.29",""
"A","30.03.2017 05:45:27","..","MICROSOFT * / 000 800 440 1 / IE","Оплата товаров и услуг","535104******9291","USD","-1.00","-1.85",""
"A","30.03.2017 10:47:00","..","SPT BPSB / MINSK / BY","Оплата товаров и услуг","535104******9291","BYN","-7.00","-7.00",""
"A","30.03.2017 10:42:44","..","ARS VALEO MEDCENTR / MINSK / BY","Оплата товаров и услуг","535104******9291","BYN","-31.04","-31.04",""
"A","29.03.2017 17:43:02","..","DOSTAVKA TOKINY / MINSK / BY","Оплата товаров и услуг","535104******6184","BYN","-38.90","-38.90",""
"A","29.03.2017 12:39:33","..","Ikompot / Minsk / BY","Оплата товаров и услуг","535104******9291","BYN","-11.95","-11.95",""
"A","28.03.2017 18:44:11","..","HUDSON SH PULKOVSKOE / ST PETERSBURG / RU","Оплата товаров и услуг","535104******6184","RUB","-670.00","-22.01",""
"A","28.03.2017 16:36:07","..","PELMENIA UL KARAVANNAY / ST PETERSBURG / RU","Оплата товаров и услуг","535104******6184","RUB","-700.00","-23.06",""
"A","28.03.2017 15:49:19","..","KUPTSOV ELISEEVYKH / SANKT-PETERBU / RU","Оплата товаров и услуг","535104******6184","RUB","-950.00","-31.30",""
"A","28.03.2017 15:04:43","..","SEVER-METROPOL / ST.PETERSBURG / RU","Оплата товаров и услуг","535104******6184","RUB","-408.00","-13.44",""
"A","28.03.2017 12:57:18","..","NEVSKY28 DOM KNIGI13 / SANKT-PETERBU / RU","Оплата товаров и услуг","535104******6184","RUB","-721.00","-23.74",""
"A","28.03.2017 11:27:11","..","WAVE / SANKT-PETERBU / RU","Оплата товаров и услуг","535104******6184","RUB","-990.00","-32.59",""
"A","28.03.2017 10:24:40","..","TELE 2 / SANKT-PETERBU / RU","Оплата товаров и услуг","535104******6184","RUB","-150.00","-4.94",""
"T","28.03.2017 14:47:21","30.03.2017","MMC SOGAZ / SANKT-PETERBU / RU","Оплата товаров и услуг","535104******6184","RUB","-2,954.00","-97.15","559.33"
"T","27.03.2017 17:00:56","29.03.2017","AZS N 6 BAPB / MINSK / BY","Оплата товаров и услуг","535104******9291","BYN","-34.00","-34.00","656.48"
"T","27.03.2017 21:31:25","29.03.2017","SHOP "WWW.BELAVIA.BY" / MINSK / BY","Оплата товаров и услуг","535104******6184","EUR","-99.64","-202.62","690.48"
"T","26.03.2017 15:59:12","28.03.2017","SHOP "COLUMBIA" BAPB / MINSK / BY","Оплата товаров и услуг","535104******6184","BYN","-99.00","-99.00","893.10"
"T","25.03.2017 09:41:26","28.03.2017","FOK "SEREBRYANKA" / MINSK / BY","Оплата товаров и услуг","535104******6184","BYN","-7.00","-7.00","992.10"
"T","26.03.2017 16:21:41","28.03.2017","SHOP "EVROOPT" / MINSK / BY","Оплата товаров и услуг","535104******6184","BYN","-17.44","-17.44","999.10"
"T","26.03.2017 16:27:56","28.03.2017","ZALATOE ZERNE OOO / MINSK / BY","Оплата товаров и услуг","535104******6184","BYN","-8.80","-8.80","1,016.54"
"T","26.03.2017 15:26:23","28.03.2017","Formel / Minsk / BY","Оплата товаров и услуг","535104******6184","BYN","-78.78","-78.78","1,025.34"
"T","26.03.2017 16:11:31","28.03.2017","MAGAZIN ART-TERRITORIY / MINSK / BY","Оплата товаров и услуг","535104******9291","BYN","-16.18","-16.18","1,104.12"
"T","27.03.2017 20:56:48","27.03.2017","MTB INTERNET POS / MINSK / BY","МТС по N телефона | номер услуги 393931","535104******6184","BYN","-20.00","-20.00","1,120.30"
"T","24.03.2017 12:15:34","27.03.2017","Ikompot / Minsk / BY","Оплата товаров и услуг","535104******9291","BYN","-4.45","-4.45","1,140.30"
"T","24.03.2017 16:30:45","27.03.2017","GIPPO TRADE CENTRE / MINSK / BY","Оплата товаров и услуг","535104******9291","BYN","-35.74","-35.74","1,144.75"
"T","24.03.2017 16:05:34","27.03.2017","DJON DORI / MINSK / BY","Оплата товаров и услуг","535104******6184","BYN","-83.22","-83.22","1,180.49"
"T","23.03.2017 09:51:58","27.03.2017","MC "LODE" NEZ-TI 58/37 / MINSK / BY","Оплата товаров и услуг","535104******9291","BYN","-82.10","-82.10","1,263.71"
"T","23.03.2017 13:11:41","27.03.2017","Ikompot / Minsk / BY","Оплата товаров и услуг","535104******9291","BYN","-4.45","-4.45","1,345.81"
"T","24.03.2017 12:32:05","24.03.2017","P2P_MTBANK / MINSK / BY","Перевод на БПК МТБ в системе Р2Р","535104******6184","BYN","750.00","750.00","1,350.26"
"T","24.03.2017 12:28:11","24.03.2017","P2P_MTBANK / MINSK / BY","Перевод на БПК МТБ в системе Р2Р","535104******6184","BYN","100.00","100.00","600.26"
"T","22.03.2017 15:25:52","24.03.2017","FOK "SEREBRYANKA" / MINSK / BY","Оплата товаров и услуг","535104******6184","BYN","-14.00","-14.00","500.26"
"T","22.03.2017 17:58:55","24.03.2017","GIPPO TRADE CENTRE / MINSK / BY","Оплата товаров и услуг","535104******6184","BYN","-81.99","-81.99","514.26"
"T","22.03.2017 17:39:29","24.03.2017","GIPPO TRADE CENTRE / MINSK / BY","Оплата товаров и услуг","535104******9291","BYN","-82.83","-82.83","596.25"
"T","23.03.2017 17:40:17","23.03.2017","FM "BLAKIT" / MINSK / BY","Оплата товаров и услуг в сети МТБанка","535104******6184","BYN","-100.14","-100.14","679.08"
"  Типы операций"
"T - сумма обработана"
"A - сумма блокирована (ожидает обработки)"
"E - ошибка выполнения операции"
"Исходящий остаток:","166.70","BYN"